1	2.922114e-01	9.311110e-02	2.258774e+00
2	3.073701e-01	9.619205e-02	2.463422e+00
3	2.933569e-01	1.051958e-01	2.558619e+00
4	3.270727e-01	1.176813e-01	2.712588e+00
5	3.437280e-01	1.384035e-01	2.927838e+00
6	3.419360e-01	1.545453e-01	2.941431e+00
7	3.738447e-01	1.673760e-01	3.134557e+00
8	3.873245e-01	2.015855e-01	3.233034e+00
9	3.991827e-01	2.205926e-01	3.346096e+00
10	3.873727e-01	2.579052e-01	3.352561e+00
11	4.098164e-01	3.052681e-01	3.407362e+00
12	3.937057e-01	3.374157e-01	3.403054e+00
13	4.333195e-01	3.865373e-01	3.522887e+00
14	4.003085e-01	4.359288e-01	3.440100e+00
15	4.381570e-01	4.873810e-01	3.493125e+00
16	4.592679e-01	5.778119e-01	3.527854e+00
17	4.152451e-01	6.240549e-01	3.415451e+00
18	4.266842e-01	6.669459e-01	3.391955e+00
19	4.393550e-01	7.708034e-01	3.388599e+00
20	3.885628e-01	8.092510e-01	3.264642e+00
21	4.446118e-01	9.216201e-01	3.322793e+00
22	4.418059e-01	9.719277e-01	3.280246e+00
23	4.408213e-01	1.017337e+00	3.265047e+00
24	4.829902e-01	1.117684e+00	3.214673e+00
25	4.409588e-01	1.161409e+00	3.177592e+00
26	5.009946e-01	1.299378e+00	3.224975e+00
27	5.648874e-01	1.393683e+00	3.250969e+00
28	5.746096e-01	1.493573e+00	3.249253e+00
29	5.680062e-01	1.553669e+00	3.209986e+00
30	5.927349e-01	1.636193e+00	3.195863e+00	2000
35	6.237329e-01	1.973198e+00	3.090518e+00	2000
40	6.371559e-01	2.263529e+00	2.941926e+00	2000
45	6.970432e-01	2.580843e+00	2.800792e+00	2000
50	6.688834e-01	2.857503e+00	2.584192e+00	2000
55	7.154043e-01	3.057868e+00	2.335967e+00	2000
60	7.108231e-01	3.294533e+00	2.059961e+00	2000
65	7.303451e-01	3.376391e+00	1.752929e+00	2000
70	6.591293e-01	3.368390e+00	1.391392e+00	2000
75	7.031251e-01	3.329507e+00	1.069782e+00	2000
80	7.197102e-01	3.136192e+00	7.295788e-01	2000
85	7.700259e-01	2.784492e+00	4.093379e-01	2000
90	8.512391e-01	2.384863e+00	1.273849e-01	2000
95	9.516669e-01	2.035878e+00	-9.973339e-02	2000
100	1.014535e+00	1.750749e+00	-2.901621e-01	2000
105	1.067258e+00	1.543483e+00	-4.448321e-01	2000
110	1.124324e+00	1.358107e+00	-5.638666e-01	2000
115	1.162365e+00	1.245283e+00	-6.703311e-01	2000
120	1.118415e+00	1.162902e+00	-7.411577e-01	2000
125	1.048951e+00	1.187519e+00	-8.875544e-01	2000
130	9.701542e-01	1.213474e+00	-1.127309e+00	2000
135	8.857546e-01	1.238103e+00	-1.422502e+00	2000
140	7.811110e-01	1.204755e+00	-1.681420e+00	2000
145	6.782599e-01	1.228091e+00	-2.021901e+00	2000
150	5.752750e-01	1.140842e+00	-2.349125e+00	2000
155	5.197802e-01	1.011894e+00	-2.613112e+00	2000
160	4.280057e-01	7.144916e-01	-2.914711e+00	2000
165	6.220665e-01	4.359578e-01	-3.172869e+00	2000
170	7.279047e-01	2.558956e-01	-3.369318e+00	2000
175	6.687332e-01	1.285869e-01	-2.824779e+00	2000
-1	-4.295606e-01	8.996389e-02	-2.051736e+00	1630
-2	-3.594008e-01	9.522669e-02	-2.186121e+00	1650
-3	-3.432380e-01	1.000785e-01	-2.431842e+00	1660
-4	-2.768264e-01	1.101651e-01	-2.538204e+00	1660
-5	-2.576883e-01	1.291986e-01	-2.675234e+00	1670
-6	-2.101367e-01	1.413729e-01	-2.858021e+00	1670
-7	-1.973104e-01	1.618371e-01	-2.844109e+00	1700
-8	-1.520000e-01	1.888574e-01	-2.981650e+00	1750
-9	-1.575779e-01	2.273543e-01	-3.052640e+00	1800
-10	-1.974896e-01	2.627974e-01	-3.172089e+00	1930
-11	-1.033495e-01	3.023527e-01	-3.145439e+00	1990
-12	-1.253402e-01	3.155779e-01	-3.117926e+00	2000
-13	-1.147576e-01	3.856798e-01	-3.173609e+00	2000
-14	-1.115948e-01	4.102690e-01	-3.252596e+00	2000
-15	-1.310360e-01	4.570351e-01	-3.156448e+00	2000
-16	-2.125094e-01	5.174197e-01	-3.279710e+00	2000
-17	-1.508844e-01	5.438316e-01	-3.131018e+00	2000
-18	-2.482499e-01	6.438786e-01	-3.020733e+00	2000
-19	-2.924975e-01	7.192292e-01	-2.935506e+00	2000
-20	-2.332627e-01	7.367089e-01	-2.882151e+00	2000
-21	-1.945032e-01	7.664371e-01	-2.947651e+00	2000
-22	-2.043905e-01	8.086989e-01	-2.887843e+00	2000
-23	-1.988323e-01	8.712468e-01	-2.862087e+00	2000
-24	-1.994807e-01	9.359684e-01	-2.787320e+00	2000
-25	-1.042211e-01	9.409880e-01	-2.650568e+00	2000
-26	-1.573028e-01	1.004807e+00	-2.722703e+00	2000
-27	-2.019323e-01	1.104487e+00	-2.701373e+00	2000
-28	-1.588355e-01	1.097565e+00	-2.640579e+00	2000
-29	-1.700166e-01	1.163289e+00	-2.551519e+00	2000
-30	-1.590700e-01	1.114138e+00	-2.573775e+00	2000
-35	-9.111474e-02	1.311737e+00	-2.171966e+00	2000
-40	9.429820e-02	1.292869e+00	-1.843924e+00	2000
-45	2.847412e-01	1.245223e+00	-1.395553e+00	2000
-50	4.284941e-01	1.178410e+00	-1.090347e+00	2000
-55	5.189171e-01	1.141437e+00	-8.591936e-01	2000
-60	6.338541e-01	1.165515e+00	-7.377885e-01	2000
-65	7.071657e-01	1.213359e+00	-6.591723e-01	2000
-70	6.353963e-01	1.266606e+00	-5.448809e-01	2000
-75	4.781978e-01	1.482935e+00	-4.239697e-01	2000
-80	2.541562e-01	1.689048e+00	-2.620624e-01	2000
-85	-3.503228e-03	1.979577e+00	-6.585764e-02	2000
-90	-3.080441e-01	2.405598e+00	1.547582e-01	2000
-95	-5.549508e-01	2.814546e+00	4.242101e-01	2000
-100	-7.856769e-01	3.169938e+00	7.250366e-01	2000
-105	-8.993678e-01	3.373114e+00	1.064780e+00	2000
-110	-9.640335e-01	3.296760e+00	1.342039e+00	2000
-115	-9.531993e-01	3.235820e+00	1.716542e+00	2000
-120	-1.002893e+00	3.112816e+00	2.048211e+00	2000
-125	-1.048279e+00	2.952776e+00	2.313424e+00	2000
-130	-1.104780e+00	2.644428e+00	2.482572e+00	2000
-135	-1.121971e+00	2.405310e+00	2.720533e+00	2000
-140	-1.123367e+00	2.138560e+00	2.851136e+00	2000
-145	-1.125378e+00	1.852735e+00	3.021549e+00	2000
-150	-1.177298e+00	1.509880e+00	3.081349e+00	2000
-155	-1.287721e+00	1.133863e+00	3.201265e+00	1800
-160	-1.368422e+00	8.019338e-01	3.220942e+00	1590
-165	-1.471567e+00	5.092779e-01	3.440223e+00	1820
-170	-1.281249e+00	2.690148e-01	3.136909e+00	1850
-175	-9.284630e-01	1.415779e-01	2.795384e+00	1760
180	-0.1298649	0.1350824	-0.01469750000000003
-180	-0.1298649	0.1350824	-0.01469750000000003
